# detector=resnet50
0.176010101010101 253 361 840 46
0.176010101010101 253 361 840 46
0.177572601010101 253 361 840 46
0.18372003901895206 239 299 902 60

# detector=resnet101
epoch=20 min_conf=0.96: 
0.19376230920728707 269 360 823 48

# epoch=20 min_conf=0.97: 
0.1993521790341578 232 249 934 85


# Phase 2
0.09684358081979892 134 114 1069 183

# Combining Predictions
# min_conf=(0.96, 0.92)
0.21805178140096618 248 235 948 69

# min_conf=(0.96, 0.9)
0.21961315128688008 241 214 969 76

# min_conf=(0.96, 0.85)
0.23082729468599034 221 166 1017 96

# min_conf=(0.96, 0.8)
0.22548880030372057 194 122 1061 123
